# random input file, varosszam: 20  jaratszam: 100  rakomanyfeleszam: 10  tavolsagmin: 2  tavolsagmax: 20  mennyisegmin: 1  mennyisegmax: 50  kapacitasmin: 10  kapacitasmax: 80  randomseed: 1451212209
0 05522 Eusew 19 27
0 06367 Augod 82 1
0 06367 Bafan 76 21
0 06367 Rafelep 96 2
0 06367 Rafelep 96 5
0 06367 Sumugom 69 24
0 06367 Sumugom 69 4
0 06367 Wihupob 116 17
0 11977 Bafan 8 49
0 11977 Rafelep 82 6
0 11977 Yabus 68 15
0 16035 Eoticaraj 36 14
0 16973 Sumugom 112 12
0 16973 Wajonitew 45 32
0 16973 Wihupob 25 11
0 16973 Wihupob 52 4
0 27934 Rafelep 61 35
0 27934 Yabus 101 17
0 29589 Augod 91 36
0 31992 Sumugom 123 19
0 32242 Eusew 86 7
0 32242 Eusew 86 9
0 32242 Pesup 93 23
1 00273 Augod 88 14
1 00273 Pesup 34 28
1 01598 Pesup 113 19
1 01598 Wajonitew 47 8
1 01598 Wihupob 80 13
1 05113 Wihupob 93 11
1 10845 Yabus 51 7
1 11411 Eusew 19 32
1 11411 Rafelep 79 10
1 11411 Rafelep 79 14
1 11411 Wajonitew 66 16
1 13153 Eusew 10 15
1 13153 Pesup 10 27
1 13153 Yabus 36 12
1 22608 Eoticaraj 114 11
1 22608 Eoticaraj 20 8
1 22608 Eusew 120 16
1 22608 Rafelep 14 12
1 22608 Sumugom 34 1
1 25819 Eoticaraj 36 23
1 25819 Eusew 22 13
1 25819 Sumugom 36 1
1 25900 Bafan 92 3
1 25900 Sumugom 32 2
1 25900 Wajonitew 99 11
1 25900 Wajonitew 99 18
1 26269 Bafan 56 13
1 26269 Bafan 76 21
1 31612 Bafan 100 1
10 07057 Rafelep 79 2
10 13153 Eusew 8 32
10 13153 Pesup 8 8
10 13153 Rafelep 68 14
10 15836 Bafan 105 8
10 15836 Eoticaraj 32 8
10 15836 Yabus 12 38
10 16752 Sumugom 105 1
10 16752 Wajonitew 39 13
10 16752 Wajonitew 92 22
10 17803 Bafan 85 13
10 17803 Yabus 105 13
10 19979 Pesup 31 10
10 19979 Wajonitew 18 16
10 20342 Yabus 26 16
10 22185 Bafan 93 8
10 22185 Sumugom 93 13
10 22185 Yabus 99 6
10 25325 Eoticaraj 31 3
10 25325 Wajonitew 18 7
10 25325 Wajonitew 38 32
10 25325 Wihupob 18 11
10 30861 Pesup 86 28
10 30861 Yabus 72 3
10 31101 Rafelep 58 15
10 31110 Eoticaraj 29 21
10 31110 Wihupob 43 4
10 31110 Yabus 23 15
10 31110 Yabus 23 8
10 31992 Rafelep 59 16
10 31992 Sumugom 52 3
10 32756 Augod 109 34
10 32756 Wihupob 96 19
11 01353 Eoticaraj 9 49
11 04519 Augod 72 18
11 04519 Bafan 86 1
11 04519 Sumugom 39 2
11 04519 Wajonitew 6 33
11 04519 Wajonitew 99 4
11 04519 Yabus 19 20
11 06367 Pesup 6 27
11 10564 Augod 77 23
11 10564 Bafan 23 23
11 12806 Eoticaraj 43 44
11 12806 Eusew 109 11
11 12806 Eusew 109 14
11 16035 Bafan 45 4
11 16035 Sumugom 111 10
11 18169 Eusew 31 3
11 18169 Pesup 31 9
11 18169 Rafelep 78 13
11 18169 Wajonitew 98 24
11 20952 Bafan 14 30
11 20952 Pesup 21 5
11 20952 Wihupob 87 10
11 21183 Bafan 24 4
11 21183 Pesup 4 32
11 21183 Rafelep 44 3
11 21183 Wajonitew 17 25
11 21183 Wihupob 37 6
11 25819 Sumugom 51 3
11 25819 Wajonitew 11 34
11 26269 Rafelep 86 3
11 26269 Sumugom 52 20
11 26269 Wihupob 86 11
11 32155 Sumugom 59 45
11 32155 Yabus 85 13
11 32242 Augod 82 10
11 32242 Eusew 95 1
11 32242 Pesup 82 22
11 32242 Sumugom 108 3
11 32242 Yabus 108 3
12 00273 Augod 64 15
12 00273 Bafan 78 31
12 00273 Bafan 78 7
12 00273 Sumugom 18 1
12 10157 Pesup 65 15
12 19665 Augod 71 5
12 19665 Rafelep 64 1
12 19665 Wihupob 78 2
12 23198 Eoticaraj 22 23
12 23198 Eusew 95 29
12 23198 Sumugom 55 4
12 23198 Wihupob 82 7
12 31419 Eusew 50 28
12 32515 Bafan 62 13
12 32515 Bafan 76 16
12 32515 Eusew 42 3
12 32515 Pesup 82 1
12 32515 Rafelep 89 8
12 32720 Bafan 94 8
12 32720 Eoticaraj 94 12
12 32720 Eusew 41 2
12 32720 Pesup 14 10
12 32720 Wajonitew 101 9
13 01598 Wihupob 29 12
13 01598 Wihupob 29 28
13 05113 Bafan 14 3
13 05113 Wajonitew 34 8
13 08733 Eoticaraj 24 11
13 08733 Rafelep 44 17
13 08733 Rafelep 70 2
13 11411 Augod 107 13
13 11411 Eoticaraj 67 7
13 11411 Pesup 54 23
13 11411 Rafelep 81 15
13 11411 Wajonitew 87 7
13 11411 Yabus 67 7
13 13500 Bafan 41 13
13 13500 Eusew 67 8
13 13500 Yabus 27 12
13 20500 Pesup 82 23
13 31612 Eoticaraj 81 29
13 31612 Eusew 88 17
13 31612 Pesup 101 19
13 31612 Wihupob 68 13
14 00204 Wihupob 68 11
14 03806 Augod 71 14
14 04310 Augod 62 3
14 04310 Eusew 22 17
14 04310 Wajonitew 82 26
14 04381 Eoticaraj 11 11
14 04381 Eoticaraj 97 8
14 04381 Wajonitew 84 18
14 04381 Wajonitew 84 7
14 05522 Bafan 26 5
14 05522 Sumugom 26 2
14 05522 Yabus 6 20
14 15710 Bafan 73 1
14 15710 Wajonitew 6 33
14 16057 Sumugom 101 4
14 16057 Wajonitew 68 11
14 16057 Wihupob 48 11
14 16057 Wihupob 68 29
14 19982 Augod 22 14
14 19982 Wajonitew 95 3
14 20342 Augod 2 14
14 20342 Augod 2 2
14 21128 Augod 100 14
14 21128 Augod 106 6
14 21128 Yabus 40 7
14 22602 Bafan 71 12
14 22608 Augod 61 13
14 22608 Augod 61 19
14 25900 Yabus 25 34
14 26269 Eoticaraj 32 21
14 26269 Sumugom 92 10
14 26269 Wihupob 12 3
14 30861 Yabus 3 32
14 32367 Wajonitew 1 2
14 32367 Wajonitew 15 5
14 32367 Wihupob 8 7
15 06573 Bafan 34 4
15 06573 Eusew 20 4
15 06573 Pesup 74 12
15 06573 Pesup 74 7
15 06573 Sumugom 100 10
15 06573 Sumugom 14 1
15 06573 Wihupob 94 7
15 10091 Pesup 34 16
15 10091 Sumugom 34 19
15 16035 Augod 64 14
15 18169 Augod 67 9
15 18169 Eoticaraj 67 48
15 18169 Yabus 34 11
15 19204 Eoticaraj 84 9
15 19204 Pesup 104 3
15 19204 Wajonitew 98 10
15 23921 Wajonitew 11 16
15 25314 Augod 47 21
15 25314 Augod 60 19
15 25314 Eoticaraj 60 15
15 25314 Eusew 74 15
15 25314 Wihupob 74 6
15 25325 Augod 2 9
15 25325 Wihupob 55 44
15 27306 Eusew 72 36
15 27306 Pesup 25 6
15 30079 Augod 37 23
15 30079 Eoticaraj 57 11
15 30079 Rafelep 4 1
15 30079 Wihupob 91 5
16 10845 Eusew 29 8
16 10845 Rafelep 62 10
16 10845 Rafelep 76 15
16 10845 Rafelep 76 3
16 10845 Sumugom 42 20
16 10845 Wajonitew 49 16
16 10845 Wajonitew 9 1
16 12880 Augod 69 4
16 12880 Sumugom 29 4
16 12880 Wajonitew 96 15
16 12880 Wihupob 49 22
16 12880 Yabus 9 16
16 12880 Yabus 96 5
16 21183 Augod 20 33
16 21183 Yabus 20 37
17 01353 Augod 97 12
17 01353 Wajonitew 90 28
17 01353 Wihupob 97 9
17 12480 Bafan 82 3
17 12480 Eoticaraj 16 13
17 12480 Eusew 22 3
17 12480 Pesup 22 9
17 12480 Rafelep 69 13
17 12480 Wajonitew 89 11
17 12806 Augod 70 35
17 12806 Bafan 17 11
17 12806 Bafan 77 5
17 12806 Eusew 90 17
17 12806 Rafelep 50 4
17 12806 Sumugom 43 2
17 13489 Eoticaraj 6 14
17 23609 Eoticaraj 40 6
17 23609 Rafelep 47 5
17 23609 Sumugom 20 10
17 23609 Sumugom 87 12
17 23609 Wajonitew 27 10
17 23609 Yabus 73 3
17 30959 Rafelep 9 15
17 31110 Bafan 76 11
17 31110 Wihupob 22 14
17 32756 Augod 69 13
17 32756 Rafelep 62 6
17 32756 Sumugom 42 3
17 32756 Wihupob 9 31
18 03110 Bafan 79 10
18 03110 Wajonitew 86 3
18 03891 Yabus 8 15
18 03891 Yabus 8 33
18 09063 Eusew 86 2
18 09063 Yabus 93 10
18 11977 Eusew 1 17
18 13153 Eoticaraj 66 11
18 13153 Wajonitew 19 18
18 13153 Yabus 99 7
18 14501 Rafelep 30 17
18 19982 Eoticaraj 61 1
18 19982 Eusew 1 19
18 19982 Wajonitew 1 13
18 20500 Wajonitew 95 2
18 23198 Bafan 91 23
18 23198 Eoticaraj 58 13
18 23198 Sumugom 98 34
18 25980 Augod 57 3
18 27126 Eoticaraj 1 8
18 27126 Eoticaraj 15 11
18 32242 Eoticaraj 98 11
18 32242 Eusew 104 16
18 32242 Wajonitew 64 12
19 03217 Pesup 10 16
19 03217 Pesup 16 28
19 03217 Wajonitew 36 17
19 03476 Augod 47 1
19 03476 Sumugom 34 24
19 03476 Sumugom 87 7
19 09153 Eoticaraj 69 4
19 09153 Eusew 55 12
19 11411 Eoticaraj 21 24
19 11411 Eoticaraj 75 15
19 11411 Rafelep 35 30
19 11411 Sumugom 88 3
19 13500 Eusew 102 20
19 13500 Eusew 62 16
19 13500 Wihupob 29 22
19 20952 Wajonitew 101 20
19 20952 Wajonitew 8 25
19 22608 Augod 73 3
19 22608 Augod 73 36
19 22608 Eoticaraj 99 12
19 22608 Wajonitew 59 7
19 22608 Yabus 99 15
19 27934 Bafan 22 14
19 27934 Eusew 88 32
19 27934 Rafelep 68 3
19 27934 Sumugom 35 8
19 32720 Eoticaraj 80 5
19 32720 Pesup 40 13
19 32720 Rafelep 34 10
19 32720 Rafelep 34 3
19 32720 Wihupob 80 10
2 04229 Sumugom 52 31
2 04229 Wihupob 45 10
2 04310 Bafan 86 12
2 04310 Bafan 86 3
2 04310 Bafan 86 5
2 04310 Eusew 92 1
2 04310 Eusew 92 19
2 04310 Rafelep 32 6
2 08733 Eoticaraj 34 11
2 15710 Augod 86 9
2 15710 Eusew 52 7
2 15710 Yabus 72 10
2 15710 Yabus 72 8
2 20342 Eusew 27 8
2 20342 Yabus 34 8
2 21183 Augod 119 5
2 21183 Bafan 79 15
2 21183 Pesup 119 17
2 21183 Pesup 46 16
2 21183 Rafelep 53 10
2 21183 Wihupob 119 7
2 25325 Bafan 26 30
2 25325 Eoticaraj 39 18
2 25325 Eusew 99 1
2 25325 Eusew 99 4
2 27126 Eusew 17 19
20 16973 Eusew 85 29
20 16973 Wihupob 65 23
20 16973 Wihupob 72 7
20 21128 Rafelep 52 35
20 21128 Yabus 92 17
21 04229 Bafan 21 34
21 04229 Wihupob 54 7
21 07057 Eoticaraj 94 1
21 08893 Wihupob 54 3
21 15836 Rafelep 67 6
21 15836 Wajonitew 80 19
21 15836 Wajonitew 80 4
21 15836 Yabus 87 3
21 15836 Yabus 87 6
21 16752 Augod 9 8
21 16752 Eusew 9 26
21 16752 Sumugom 15 2
21 19308 Bafan 89 8
21 19308 Eoticaraj 16 21
21 19308 Eoticaraj 16 8
21 19308 Wihupob 23 14
21 19308 Yabus 49 8
21 19996 Eusew 4 19
21 19996 Wihupob 17 17
21 30101 Bafan 48 15
21 30101 Pesup 68 16
21 30101 Pesup 88 17
21 30101 Yabus 88 1
21 32155 Augod 78 29
21 32155 Bafan 78 4
21 32155 Pesup 98 17
21 32155 Pesup 98 8
22 00273 Rafelep 67 2
22 00273 Sumugom 47 45
22 00273 Wihupob 27 11
22 00273 Yabus 73 13
22 08311 Wajonitew 25 10
22 13560 Eoticaraj 89 4
22 13560 Eusew 3 8
22 19204 Pesup 69 22
22 20096 Augod 49 7
22 20096 Rafelep 76 15
22 23921 Eoticaraj 9 16
22 30956 Eoticaraj 88 28
22 32402 Yabus 83 28
23 01353 Bafan 4 30
23 01353 Pesup 11 5
23 01353 Pesup 4 10
23 01353 Rafelep 84 2
23 01353 Wajonitew 97 2
23 02234 Rafelep 81 11
23 02234 Sumugom 14 12
23 02234 Wihupob 54 4
23 04192 Bafan 61 15
23 04192 Eusew 27 26
23 04192 Pesup 14 4
23 04192 Rafelep 21 2
23 04192 Rafelep 21 7
23 04192 Yabus 1 8
23 10564 Sumugom 37 4
23 12806 Eoticaraj 24 32
24 01598 Wihupob 24 4
24 04310 Pesup 64 13
24 04310 Sumugom 90 27
24 04310 Wihupob 84 6
24 10439 Augod 84 7
24 10439 Eusew 31 12
24 10439 Wihupob 11 12
24 10845 Augod 55 7
24 10845 Eusew 55 4
24 10845 Pesup 55 16
24 10845 Wajonitew 89 16
24 10845 Wajonitew 89 5
24 10845 Yabus 95 13
24 11904 Bafan 81 18
24 11904 Eusew 67 19
24 12480 Bafan 59 16
24 12480 Wihupob 39 14
24 12480 Wihupob 39 19
24 12480 Wihupob 46 1
24 12880 Augod 47 13
24 15434 Augod 79 1
24 15434 Yabus 5 12
24 30959 Pesup 6 15
24 31110 Eusew 2 8
24 31110 Wajonitew 15 15
24 31110 Wajonitew 2 16
24 31110 Wihupob 35 9
24 32515 Wihupob 0 3
24 32515 Yabus 0 38
24 32756 Augod 55 14
24 32756 Eusew 62 7
24 32756 Eusew 62 9
24 32756 Rafelep 55 3
24 32756 Wajonitew 2 1
24 32756 Wihupob 35 18
24 32756 Wihupob 69 1
25 14229 Eoticaraj 4 38
25 16057 Bafan 33 8
25 16057 Bafan 73 13
25 16057 Eoticaraj 13 18
25 16057 Eoticaraj 13 3
25 16057 Eusew 73 4
25 16057 Yabus 27 5
25 16057 Yabus 93 4
25 20500 Pesup 30 9
25 20500 Wihupob 76 5
25 20500 Yabus 16 9
25 20952 Eoticaraj 40 12
25 20952 Wajonitew 60 11
25 27126 Pesup 6 6
25 27126 Wajonitew 32 13
25 29589 Augod 48 19
25 29589 Eusew 94 14
25 29589 Yabus 94 3
25 31612 Eoticaraj 49 9
25 32367 Sumugom 30 14
26 05113 Bafan 2 11
26 06573 Augod 11 17
26 06573 Rafelep 38 4
26 06573 Rafelep 51 14
26 06573 Sumugom 31 2
26 06573 Wajonitew 25 8
26 25314 Augod 6 33
26 25314 Bafan 66 31
26 25314 Pesup 72 11
26 25314 Sumugom 6 1
26 32720 Eusew 27 11
26 32720 Pesup 80 15
26 32720 Wihupob 27 8
26 32720 Wihupob 33 7
27 05522 Eoticaraj 79 11
27 05522 Eusew 85 16
27 09063 Wajonitew 81 10
27 09063 Wajonitew 81 2
27 13153 Eusew 91 20
27 13153 Sumugom 85 34
27 15710 Augod 47 19
27 15710 Eoticaraj 47 15
27 22185 Sumugom 11 4
28 10157 Yabus 41 15
28 16973 Wihupob 13 13
28 16973 Wihupob 53 9
28 21128 Eusew 66 36
28 21128 Eusew 92 2
28 21128 Rafelep 52 14
28 25900 Eusew 85 11
28 25900 Rafelep 5 6
28 25900 Wajonitew 72 6
28 25900 Wajonitew 72 8
28 25900 Yabus 59 3
28 27306 Augod 53 13
28 27306 Wajonitew 0 5
28 27306 Yabus 80 8
28 31101 Bafan 83 15
28 32155 Eoticaraj 22 44
28 32155 Eusew 88 14
29 03806 Rafelep 15 30
29 22602 Pesup 55 12
29 25980 Augod 40 1
29 25980 Augod 86 13
29 25980 Pesup 33 23
29 25980 Wajonitew 6 18
29 25980 Wajonitew 66 7
29 25980 Yabus 86 7
29 30016 Augod 0 14
29 30016 Bafan 53 18
29 30079 Bafan 45 15
29 30079 Bafan 72 1
29 30079 Bafan 72 8
29 30079 Rafelep 39 28
29 30079 Rafelep 65 1
3 01852 Augod 15 14
3 01852 Augod 15 2
3 01852 Eoticaraj 68 6
3 01852 Sumugom 48 10
3 01852 Sumugom 48 4
3 01852 Yabus 35 15
3 18169 Wajonitew 106 7
3 18169 Wajonitew 39 15
3 19979 Eusew 25 12
3 19979 Wajonitew 5 14
3 23609 Augod 103 1
3 23609 Eusew 36 11
3 23609 Wihupob 49 9
3 23609 Wihupob 83 25
3 27306 Augod 85 3
3 30079 Augod 11 19
3 30079 Rafelep 91 3
3 30079 Wihupob 18 31
3 30861 Bafan 113 8
3 30861 Pesup 39 10
3 31110 Eoticaraj 30 16
3 31110 Wajonitew 50 10
3 31110 Wihupob 43 22
3 31992 Eoticaraj 33 11
3 31992 Eusew 33 8
3 32367 Eoticaraj 72 9
3 32367 Pesup 52 5
3 32515 Bafan 68 4
3 32515 Eoticaraj 94 18
3 32515 Sumugom 54 19
3 32756 Augod 83 4
3 32756 Sumugom 116 10
3 32756 Yabus 23 16
30 03217 Eusew 13 11
30 03217 Rafelep 20 17
30 03217 Yabus 0 16
30 14501 Wajonitew 23 17
30 19665 Augod 80 14
30 19665 Pesup 20 9
30 19665 Pesup 60 23
30 19665 Wihupob 66 5
30 19665 Wihupob 73 19
30 19665 Yabus 6 9
30 31419 Wihupob 33 29
31 09153 Bafan 49 4
31 09153 Eoticaraj 42 12
31 16752 Sumugom 71 22
31 16752 Wajonitew 71 10
31 16752 Wajonitew 71 4
31 19204 Augod 55 5
31 19204 Pesup 28 13
31 19204 Wajonitew 2 2
31 19204 Wihupob 68 2
31 23921 Pesup 15 6
31 23921 Pesup 8 10
32 03891 Augod 44 14
32 03891 Eusew 51 7
32 03891 Eusew 51 9
32 03891 Wihupob 24 18
32 07057 Bafan 70 23
32 07057 Wihupob 10 22
32 07057 Yabus 83 13
32 10091 Pesup 53 22
32 10091 Sumugom 73 13
32 11977 Eoticaraj 50 15
32 11977 Eoticaraj 50 4
32 11977 Sumugom 63 3
33 00273 Eoticaraj 30 13
33 00273 Pesup 43 9
33 12880 Rafelep 39 35
33 12880 Rafelep 59 15
33 12880 Rafelep 59 3
33 12880 Yabus 79 17
33 12880 Yabus 79 7
33 15836 Augod 16 40
33 15836 Bafan 62 3
33 15836 Wajonitew 69 11
33 16057 Pesup 29 12
33 16057 Wajonitew 2 15
33 16057 Wihupob 9 28
33 23609 Eusew 79 12
33 23609 Pesup 6 28
33 23609 Yabus 79 6
33 32515 Bafan 41 1
33 32515 Sumugom 81 4
33 32515 Wajonitew 81 2
33 32515 Wajonitew 81 20
33 32515 Wihupob 48 14
34 03110 Eoticaraj 36 19
34 03110 Yabus 36 7
34 13489 Augod 53 23
34 13489 Bafan 39 7
34 13489 Eoticaraj 79 8
34 13489 Wajonitew 66 18
34 13489 Wajonitew 66 7
34 25314 Bafan 68 21
34 25314 Sumugom 81 1
34 25314 Wajonitew 15 13
34 25314 Wajonitew 68 22
34 25314 Wihupob 28 19
34 30959 Bafan 59 11
35 06573 Augod 54 10
35 06573 Bafan 74 8
35 06573 Eoticaraj 60 9
35 06573 Pesup 80 3
35 06573 Sumugom 74 12
35 06573 Sumugom 80 3
36 01598 Pesup 66 15
36 01598 Wajonitew 73 9
36 01598 Wihupob 13 8
36 01598 Wihupob 19 7
36 01598 Yabus 79 1
36 04310 Augod 40 5
36 04310 Augod 40 9
36 04310 Eoticaraj 7 32
36 10564 Augod 38 15
36 10564 Bafan 52 1
36 10564 Bafan 52 7
36 10564 Wihupob 52 6
36 17803 Pesup 6 16
36 19996 Augod 23 21
36 19996 Eusew 50 15
36 32367 Rafelep 39 1
36 32367 Wihupob 46 13
37 10945 Wajonitew 60 19
37 10945 Wajonitew 60 3
37 10945 Wajonitew 60 4
37 10945 Yabus 67 3
37 13560 Augod 76 12
37 19308 Eusew 69 24
37 20096 Rafelep 32 15
37 20096 Rafelep 39 13
37 20096 Rafelep 46 6
37 20096 Wajonitew 6 26
37 20096 Yabus 66 6
37 31612 Augod 17 23
37 31612 Augod 71 12
37 31612 Wajonitew 64 28
37 31612 Wihupob 11 4
37 31612 Wihupob 57 11
37 32402 Sumugom 1 10
37 32402 Wajonitew 8 10
37 32402 Wajonitew 8 8
38 05113 Wajonitew 42 11
38 27934 Eusew 29 8
38 27934 Eusew 56 29
38 27934 Wajonitew 36 10
38 27934 Wihupob 43 25
39 02234 Wajonitew 28 12
39 02234 Wajonitew 62 10
39 02234 Wajonitew 62 2
39 02234 Yabus 28 3
39 03476 Eoticaraj 24 7
39 04192 Eusew 54 10
39 04192 Pesup 74 2
39 04192 Rafelep 48 2
39 04192 Sumugom 61 1
39 04229 Eusew 55 1
39 04229 Eusew 55 2
39 04229 Yabus 62 10
39 04229 Yabus 62 28
39 08893 Rafelep 46 5
39 09063 Sumugom 45 12
39 11904 Eusew 70 20
39 11904 Pesup 44 7
39 11904 Sumugom 70 10
39 15710 Eusew 14 3
39 15710 Pesup 41 15
39 15710 Pesup 54 1
39 15710 Sumugom 21 15
4 01857 Yabus 103 13
4 01857 Yabus 103 4
4 02234 Sumugom 103 27
4 04519 Eusew 106 29
4 04519 Sumugom 46 12
4 04519 Wajonitew 106 19
4 04519 Wihupob 93 11
4 04519 Wihupob 93 7
4 06367 Eoticaraj 66 13
4 06367 Pesup 79 9
4 13489 Sumugom 96 2
4 13489 Wihupob 103 9
4 13489 Wihupob 76 4
4 16035 Augod 109 14
4 19665 Bafan 101 10
4 19665 Eusew 114 32
4 19665 Pesup 81 15
4 19665 Rafelep 48 17
4 19665 Wajonitew 108 2
4 19665 Wajonitew 108 3
4 25819 Bafan 52 14
4 25819 Bafan 52 4
4 25819 Wihupob 105 19
4 26269 Wajonitew 15 34
4 32155 Bafan 109 18
4 32155 Bafan 29 11
4 32155 Eusew 35 17
4 32155 Eusew 35 3
4 32155 Pesup 35 9
40 03217 Eoticaraj 35 1
40 03217 Rafelep 9 2
40 03217 Sumugom 29 45
40 03217 Yabus 55 13
40 25980 Wihupob 22 11
40 25980 Wihupob 42 29
40 25980 Wihupob 42 3
40 25980 Yabus 75 13
40 25980 Yabus 75 13
40 27306 Rafelep 33 14
40 27306 Sumugom 13 19
40 27306 Sumugom 13 2
40 27306 Wihupob 40 7
41 05522 Augod 32 19
41 05522 Rafelep 59 8
41 15434 Rafelep 0 10
41 15434 Rafelep 0 3
41 25900 Bafan 38 16
41 25900 Rafelep 18 18
41 30079 Eusew 45 36
41 30079 Pesup 5 11
41 30079 Wihupob 65 6
42 03891 Bafan 30 15
42 03891 Pesup 70 17
42 03891 Wihupob 44 11
42 03891 Yabus 4 5
42 10439 Augod 20 1
42 10439 Eusew 46 1
42 14229 Augod 40 14
42 14229 Eoticaraj 66 4
42 16752 Pesup 54 9
42 16752 Wajonitew 61 8
42 16752 Wihupob 1 5
42 16752 Wihupob 28 1
42 16752 Wihupob 48 13
42 22185 Sumugom 34 8
42 22185 Sumugom 61 7
43 07057 Eoticaraj 72 20
43 07057 Eusew 26 28
43 07057 Wajonitew 6 10
43 14501 Eusew 71 14
43 14501 Yabus 71 3
43 31101 Wajonitew 59 15
44 09153 Eoticaraj 24 13
44 09153 Wajonitew 64 3
45 03806 Bafan 40 15
45 03806 Eusew 6 26
45 04381 Bafan 40 11
45 04381 Pesup 46 11
45 04381 Sumugom 53 22
45 04381 Wajonitew 53 24
45 04381 Wajonitew 53 6
45 10157 Bafan 25 15
45 22602 Bafan 40 3
45 22602 Eusew 46 1
45 22602 Pesup 66 8
45 30956 Sumugom 58 2
45 30956 Wajonitew 51 26
47 10091 Pesup 9 12
47 10091 Pesup 9 23
47 13489 Bafan 42 20
47 17803 Augod 64 7
47 17803 Wajonitew 44 7
47 23609 Wihupob 30 23
47 23609 Yabus 43 23
47 31419 Eusew 61 11
47 31419 Wajonitew 48 4
47 31419 Wihupob 8 14
48 08311 Wajonitew 52 10
48 10564 Bafan 52 6
48 10564 Sumugom 12 24
48 10564 Sumugom 65 7
48 10564 Wihupob 32 9
49 00204 Eoticaraj 26 11
5 01353 Augod 29 33
5 01852 Augod 32 14
5 12806 Eoticaraj 82 11
5 12806 Eusew 102 27
5 12806 Wajonitew 35 18
5 12806 Yabus 115 7
5 14501 Eusew 68 4
5 14501 Yabus 102 8
5 15434 Wihupob 29 13
5 20096 Augod 58 1
5 20096 Eoticaraj 64 19
5 20952 Bafan 75 1
5 20952 Bafan 75 13
5 20952 Pesup 55 16
5 20952 Pesup 95 1
5 20952 Rafelep 102 8
5 20952 Wajonitew 115 2
5 20952 Wihupob 42 4
5 32720 Pesup 114 3
5 32720 Sumugom 8 31
5 32720 Wihupob 21 7
50 03110 Bafan 47 1
50 03110 Bafan 47 8
50 03110 Rafelep 20 14
50 03110 Rafelep 20 3
50 11977 Augod 22 18
50 11977 Bafan 36 16
50 11977 Eusew 2 7
50 11977 Eusew 22 3
50 11977 Yabus 22 10
50 13560 Eusew 1 1
50 13560 Wajonitew 55 9
50 13560 Yabus 61 1
50 13560 Yabus 61 1
50 19996 Eusew 28 7
50 19996 Eusew 28 9
50 19996 Pesup 41 16
50 19996 Wihupob 28 4
52 04192 Augod 5 21
52 04192 Pesup 45 15
52 32402 Rafelep 53 11
52 32402 Wihupob 26 4
53 10945 Augod 16 7
53 10945 Pesup 16 16
53 10945 Wajonitew 50 16
53 30101 Bafan 23 25
53 30101 Bafan 36 12
53 30101 Eoticaraj 43 12
54 20096 Augod 17 3
54 20096 Bafan 24 1
54 20096 Bafan 24 4
54 20096 Eoticaraj 57 1
54 20096 Eoticaraj 57 20
54 20096 Wajonitew 51 5
54 20096 Wihupob 24 29
54 20096 Wihupob 24 3
56 03476 Wajonitew 37 8
56 03476 Wihupob 24 13
56 11904 Bafan 22 16
56 11904 Bafan 35 4
56 11904 Pesup 55 17
57 19308 Augod 27 7
57 19308 Augod 27 9
57 19308 Bafan 33 3
57 19308 Wajonitew 40 11
57 19308 Wajonitew 53 2
57 19308 Wajonitew 53 20
57 27934 Eoticaraj 10 19
57 27934 Eusew 50 2
57 27934 Pesup 50 17
57 27934 Rafelep 30 1
57 27934 Wihupob 24 11
57 27934 Yabus 10 15
57 27934 Yabus 10 7
58 02234 Augod 12 3
58 02234 Augod 12 5
58 02234 Augod 12 9
58 02234 Bafan 52 8
58 02234 Rafelep 39 2
58 04229 Eusew 24 15
58 04229 Pesup 50 2
58 04229 Rafelep 24 2
58 04229 Rafelep 24 5
58 04229 Yabus 30 17
59 22185 Bafan 52 15
59 22185 Pesup 32 48
59 22185 Wihupob 32 2
6 06573 Augod 71 14
6 06573 Eoticaraj 78 8
6 06573 Pesup 45 9
6 06573 Wihupob 91 5
6 06573 Yabus 31 9
6 08733 Rafelep 51 30
6 09153 Bafan 74 1
6 09153 Rafelep 94 15
6 16057 Bafan 86 11
6 16057 Bafan 86 15
6 16057 Yabus 92 17
6 19204 Augod 105 15
6 19204 Wihupob 51 7
6 20342 Augod 10 14
6 20342 Wihupob 90 2
6 20500 Eoticaraj 113 12
6 20500 Eusew 33 4
6 20500 Wihupob 107 7
6 22608 Augod 106 12
6 22608 Eoticaraj 26 14
6 22608 Pesup 86 13
6 22608 Wajonitew 99 28
6 22608 Wihupob 106 6
6 23921 Sumugom 38 4
6 23921 Yabus 105 5
6 23921 Yabus 105 7
60 03806 Sumugom 37 13
60 04381 Augod 10 1
60 04381 Augod 10 15
60 04381 Bafan 24 1
60 04381 Bafan 24 7
60 10439 Augod 48 12
60 10439 Sumugom 35 1
60 10439 Wihupob 42 20
60 14229 Wajonitew 43 10
60 14229 Wajonitew 43 2
60 14229 Yabus 49 15
60 14229 Yabus 9 3
60 14229 Yabus 9 8
60 15434 Yabus 29 13
60 22602 Eoticaraj 30 9
60 22602 Sumugom 50 3
61 10157 Eoticaraj 8 15
61 31101 Rafelep 37 15
64 10091 Eoticaraj 14 8
64 10091 Sumugom 14 12
64 10091 Sumugom 14 8
64 10091 Sumugom 41 7
65 31419 Eusew 11 7
65 31419 Eusew 11 9
65 31419 Yabus 44 13
67 00204 Eusew 29 1
67 00204 Eusew 29 2
67 00204 Yabus 42 4
7 04519 Augod 75 15
7 04519 Bafan 15 1
7 04519 Eoticaraj 62 13
7 04519 Eusew 15 13
7 04519 Pesup 75 9
7 04519 Sumugom 29 1
7 06367 Eoticaraj 29 23
7 06367 Eusew 102 29
7 06367 Rafelep 89 15
7 06367 Wihupob 89 7
7 11411 Augod 73 1
7 11411 Sumugom 60 24
7 12480 Eoticaraj 9 9
7 12480 Pesup 23 15
7 12480 Rafelep 16 31
7 12480 Wajonitew 43 10
7 12880 Eusew 110 2
7 12880 Eusew 77 7
7 12880 Rafelep 70 14
7 12880 Rafelep 70 3
7 12880 Wihupob 50 18
7 12880 Wihupob 84 1
7 12880 Yabus 110 13
7 18169 Augod 75 3
7 18169 Augod 75 5
7 18169 Rafelep 62 4
7 18169 Sumugom 115 19
7 18169 Sumugom 55 2
7 18169 Yabus 95 13
7 19982 Pesup 26 16
7 19982 Wajonitew 52 17
7 19996 Augod 105 7
7 19996 Eusew 45 1
7 19996 Eusew 45 26
7 19996 Rafelep 39 2
7 21183 Bafan 95 4
7 21183 Pesup 115 17
7 21183 Pesup 115 8
7 21183 Wihupob 49 11
7 21183 Wihupob 69 29
7 21183 Yabus 29 1
7 25325 Rafelep 23 15
7 25325 Wajonitew 83 10
7 25325 Wihupob 63 2
7 25325 Yabus 96 23
7 25325 Yabus 96 3
7 25980 Bafan 62 21
7 25980 Bafan 62 21
7 25980 Rafelep 82 5
7 25980 Wihupob 102 17
7 25980 Yabus 42 5
7 30861 Pesup 10 32
7 30959 Wajonitew 29 15
7 31992 Eoticaraj 116 8
7 31992 Eoticaraj 30 11
7 32242 Rafelep 2 7
7 32242 Yabus 9 32
76 03476 Bafan 7 11
76 03476 Eoticaraj 13 18
76 03476 Pesup 13 11
76 03476 Rafelep 0 19
8 01852 Augod 10 14
8 01852 Rafelep 3 37
8 03891 Eoticaraj 108 4
8 03891 Eusew 15 25
8 03891 Eusew 22 8
8 03891 Pesup 35 4
8 03891 Rafelep 42 7
8 13500 Eoticaraj 87 15
8 13500 Eoticaraj 87 4
8 13500 Eusew 40 8
8 13500 Eusew 73 6
8 13500 Wajonitew 0 25
8 16973 Bafan 66 7
8 23198 Eoticaraj 34 24
8 23198 Eoticaraj 41 21
8 23198 Eusew 74 8
8 23198 Sumugom 101 10
8 23198 Sumugom 101 3
8 23198 Wajonitew 21 1
8 23198 Wihupob 21 3
8 25819 Augod 89 7
8 25819 Eusew 22 12
8 25819 Eusew 75 3
8 25819 Wajonitew 2 14
9 03217 Eusew 87 10
9 08733 Bafan 47 14
9 08733 Eoticaraj 73 11
9 10845 Augod 70 7
9 10845 Bafan 10 16
9 10845 Eusew 70 12
9 10845 Rafelep 44 30
9 13560 Pesup 51 12
9 27126 Sumugom 48 14
9 27126 Wajonitew 48 5
9 29589 Eoticaraj 10 8
9 29589 Eusew 4 7
9 29589 Eusew 77 9
9 29589 Rafelep 4 12
9 30016 Eoticaraj 33 32
9 30956 Sumugom 31 12
